664543890373716809789010055286251352894004171084069871035509946821600353805634464172990111578877289
59500342275370249111617343925371895552127968808706236788048230944394996317544877926133715961
80684760372575542691553205018359041341651433746289523451653246622074513978696250964812396724523198809
152026204514168496004180424553284908990762233038096989823137339845248273888977504346255065824281
705675940792258497488518667117061933403411
476191854375073363931913409797115297361977705797742868094744468858407
28066628514890680895455360760953787978199422773121196273060555843048249763731421340716870548537299147
2065834397124223603833857765199771904842402367520837032369004756773510956238542618417979405382304560471569637
1353005049314232593793863691975142292046829
292044331032717504268684653602135689587643696559044799264712486968939734831099904659349054459
1391012186584578226619173521535873896543328004940251664474132331000692585188146040591
2387618480525812025944167220548760377136620139027732200515439721202909090321
188495768022662045884133570451675965561979777305447648531382014168664689628747367201909444033
26422833250037928217624955777027150020579484979839097742819879845747142429888373183300445301
3473683293513522171350648403090421292829989073927519728397390068249
35437102648314275024778183893405258442352503328634430527494406589708978945735052668075902435398973070410991429755233
3797892166597431334687141403613289628542943869850893039510760347664705711927519878231417447742456791
132001551909994666978699438182390957656692071228589434867326575365741643497154917279268847386999686687054041
20831508358321293053155732366813651782675458629130048497539929028154816860845390868272113819662329
2757981897180725554750818074046936663590330682117029591007684071914805866252835058041015209216366517
1377871012826137489753419450781173624596896189520877256912507087252105573743580042847690173963
7496653482120134968523569078643777480796448473734460551375958477138157932990698176738997227509384366541546243
780819158981207498849478918050028750548846546870409010173429637441260672175707835753416883387496533
1447051594265808129377449056194538540669308879000743739187062538245514227
104659419714149401456821741626606415191214518408029852140261196258400110327265472867215209174421520441094646497357003