5
**+-*+
******

+-+-*+
-+-+*-

0 0 1 0
1 1 0 1
0 2 1 2
1 3 0 3
0 5 1 5


5
*+*+**
+-****

-+-+-+
+-+-**

1 0 0 0
0 1 1 1
1 2 0 2
0 3 1 3
0 5 0 6

8
***-***-
***+-+-+

+-+-+-+-
-+-+-+-+

0 0 1 0
1 1 0 1
0 2 1 2
1 3 0 3
0 4 1 4
1 5 0 5
0 6 1 6
1 7 0 7

10
**+*+**-****
-*-**+*+***-

+-+-+-+-+*-+
-+-+-+-+**+-

0 0 1 0
1 1 0 1
0 2 1 2
1 3 0 3
0 4 1 4
1 5 0 5
0 6 1 6
1 7 0 7
1 10 0 10
0 11 1 11


19
**+*+**-****+**+*****-+**
-*-**+*+***-**-*****-+-*+

+-+-+-+-+-**+-*+-+*-+-+*-
-+-+-+-+--+-*+-*+-*+-+-*+

0 0 1 0
1 1 0 1
0 2 1 2
1 3 0 3
0 4 1 4
1 5 0 5
0 6 1 6
1 7 0 7
0 8 1 8
0 12 0 13
0 15 0 16
0 17 1 17
1 19 0 19
0 20 1 20
1 21 0 21
0 22 1 22
1 24 0 24
1 10 1 9
1 13 1 14